199 999 499
42 43
86 42
15 67
69 27
71 92
12 98
79 79
64 35
39 43
59 61
90 56
11 9
91 64
21 74
76 61
67 56
37 96
6 97
23 84
15 65
10 18
64 34
22 64
91 49
87 70
22 6
97 17
19 83
15 78
19 25
79 50
71 11
26 2
97 66
99 54
90 45
18 91
72 61
23 12
36 64
44 95
87 59
52 59
61 93
44 2
30 9
58 87
19 26
0 75
69 78
29 73
46 12
6 14
31 14
42 75
94 28
75 67
24 91
97 39
93 0
33 76
0 23
66 89
66 46
79 17
83 26
46 7
33 63
84 68
17 47
35 21
76 73
89 36
16 21
43 59
54 92
9 7
20 6
20 40
73 7
49 98
79 94
75 3
77 61
6 47
22 29
97 97
93 83
93 46
97 66
18 92
58 13
21 12
70 34
63 70
6 14
30 63
24 18
94 17
88 66
40 14
10 54
39 15
71 84
63 49
18 1
50 19
19 5
27 1
94 51
47 56
59 43
59 59
0 66
30 77
90 96
59 94
0 75
81 74
85 58
52 51
35 61
70 10
85 82
98 65
91 13
44 48
3 69
7 93
93 43
77 64
76 10
66 81
80 74
82 88
21 90
8 80
27 56
41 9
12 27
54 7
42 70
83 21
64 23
13 11
34 24
29 19
87 20
35 73
33 41
80 63
66 23
29 75
34 14
10 62
55 15
15 89
52 61
8 54
16 64
54 99
38 9
58 77
23 23
81 37
4 95
70 75
17 59
41 3
22 53
91 59
88 55
91 3
21 41
62 27
11 87
29 17
94 6
95 26
65 64
57 91
76 14
99 91
17 70
94 5
74 72
67 3
44 70
81 72
45 28
2 51
26 51
71 53
58 36
54 85
40 14
71 18
83 4
90 4
20 37
90 62
3 72
16 11
84 86
13 72
32 85
30 20
38 29
89 3
86 64
71 20
94 86
31 0
44 82
90 1
74 21
37 84
93 97
71 26
92 60
94 82
48 13
55 86
22 90
32 73
82 57
67 68
2 67
16 81
19 90
42 50
38 49
18 32
67 6
94 73
91 23
97 57
95 81
79 60
75 99
70 13
82 64
47 3
97 77
68 52
96 34
83 14
13 32
98 58
71 66
83 18
88 56
66 25
98 73
5 41
69 46
19 67
49 24
9 12
24 53
16 60
96 46
67 89
8 5
49 69
93 68
98 72
40 81
49 14
32 63
73 66
22 3
68 57
5 93
89 9
26 61
17 48
10 70
11 73
23 92
96 28
2 76
19 9
46 88
53 96
69 18
22 89
96 97
49 88
81 7
30 62
41 27
26 13
55 75
71 49
66 99
0 63
12 91
21 9
71 83
31 65
44 22
75 77
27 15
25 73
99 58
67 58
42 1
91 95
60 96
38 4
86 29
54 12
75 48
82 31
81 52
83 33
55 24
45 44
68 33
1 91
68 3
50 76
85 36
75 83
74 92
59 64
35 19
10 91
92 33
7 7
19 69
94 52
85 14
76 98
67 70
65 69
15 93
82 7
94 1
97 57
99 35
89 62
56 11
29 86
54 27
88 65
91 8
84 69
45 26
1 18
65 62
46 82
39 32
85 76
64 16
3 44
47 24
58 27
95 41
61 71
10 78
78 70
89 98
99 89
47 58
25 58
21 73
12 87
84 58
94 6
93 9
61 8
29 22
76 92
36 53
41 48
52 90
96 98
31 88
11 86
99 28
40 71
61 14
73 73
46 47
72 1
38 1
82 59
59 17
49 44
66 42
16 15
35 44
60 32
32 50
52 15
31 44
54 63
53 2
26 47
97 46
52 51
94 19
61 87
88 14
31 76
57 16
98 63
13 42
34 77
95 96
75 69
32 6
58 66
3 39
17 34
39 31
3 65
1 24
49 29
67 40
93 86
83 94
38 83
5 79
14 12
28 29
29 48
31 31
7 45
86 10
28 8
82 86
20 32
73 77
48 49
23 89
26 86
54 13
28 21
86 28
28 56
91 12
72 58
85 5
31 20
88 16
90 48
45 7
47 2
56 19
31 52
77 82
59 44
77 74
26 34
2 69
65 67
60 67
2 37
8 55
70 20
85 26
26 15
84 41
8 94
4 82
83 19
69 52
9 43
47 7
5 89
7 27
31 58
22 95
11 0
10 50
36 59
40 53
8 60
46 33
84 27
92 24
75 69
23 62
53 78
53 63
35 79
34 42
25 45
93 27
71 17
72 28
96 38
29 62
48 54
42 17
97 83
