200 1000 500
1 15 16
2 89 13
3 92 48
4 65 95
5 80 36
6 59 11
7 37 75
8 62 20
9 42 5
10 61 77
11 58 32
12 92 47
13 83 36
14 78 52
15 57 17
16 55 87
17 37 0
18 87 27
19 9 55
20 8 51
21 82 66
22 79 2
23 41 24
24 73 93
25 53 18
26 69 96
27 16 20
28 34 29
29 20 68
30 12 97
31 35 16
32 50 34
33 75 81
34 41 7
35 75 29
36 97 97
37 54 85
38 64 37
39 33 85
40 19 81
41 77 34
42 7 39
43 26 62
44 66 7
45 66 42
46 93 99
47 98 45
48 14 81
49 99 11
50 82 7
51 96 16
52 33 13
53 2 14
54 9 93
55 44 74
56 27 3
57 76 12
58 15 99
59 21 58
60 64 5
61 16 17
62 40 2
63 11 99
64 75 75
65 88 26
66 24 33
67 94 53
68 87 72
69 37 83
70 49 50
71 90 69
72 21 77
73 70 62
74 0 56
75 81 0
76 62 33
77 29 58
78 44 65
79 57 69
80 0 29
81 36 36
82 38 70
83 76 36
84 78 89
85 95 82
86 33 65
87 42 32
88 7 21
89 65 50
90 25 8
91 14 59
92 38 50
93 56 96
94 68 43
95 17 78
96 89 45
97 97 43
98 57 20
99 24 13
100 74 87
101 82 30
102 40 70
103 18 62
104 89 75
105 99 25
106 21 25
107 53 91
108 37 45
109 98 13
110 62 0
111 80 45
112 4 43
113 38 81
114 97 68
115 9 4
116 27 96
117 39 72
118 4 96
119 11 70
120 97 60
121 18 71
122 27 33
123 90 65
124 3 44
125 85 49
126 11 48
127 78 71
128 12 35
129 32 81
130 8 76
131 30 42
132 22 72
133 37 3
134 76 22
135 31 76
136 52 48
137 74 87
138 51 11
139 25 22
140 57 44
141 83 40
142 1 1
143 41 53
144 58 8
145 66 61
146 57 2
147 81 46
148 56 42
149 95 15
150 2 49
151 76 39
152 50 68
153 49 91
154 64 27
155 41 56
156 77 69
157 24 74
158 16 69
159 84 22
160 66 37
161 82 45
162 18 39
163 38 12
164 48 76
165 23 65
166 35 95
167 29 3
168 71 31
169 8 46
170 5 93
171 14 20
172 23 57
173 62 80
174 58 63
175 17 4
176 57 31
177 33 98
178 8 84
179 78 33
180 59 79
181 87 78
182 63 24
183 83 72
184 15 82
185 67 14
186 27 40
187 30 58
188 76 65
189 53 33
190 91 35
191 73 10
192 1 91
193 76 99
194 30 29
195 15 41
196 53 16
197 8 63
198 66 90
199 78 15
200 66 75
201 0 35
202 56 25
203 48 59
204 2 0
205 58 88
206 10 35
207 71 45
208 89 1
209 81 25
210 54 81
211 69 80
212 74 55
213 74 64
214 2 14
215 84 85
216 69 78
217 56 30
218 81 65
219 70 42
220 48 81
221 81 46
222 35 3
223 0 48
224 26 43
225 64 71
226 18 2
227 51 95
228 49 37
229 89 31
230 11 79
231 85 72
232 49 97
233 13 27
234 65 84
235 46 60
236 53 21
237 15 30
238 34 72
239 25 55
240 61 35
241 58 89
242 47 77
243 81 54
244 17 70
245 35 16
246 48 55
247 11 80
248 39 28
249 49 19
250 89 99
251 2 32
252 95 32
253 31 2
254 65 13
255 24 86
256 32 96
257 89 56
258 14 4
259 30 91
260 85 55
261 70 97
262 40 50
263 76 23
264 46 35
265 47 37
266 9 23
267 92 98
268 55 61
269 78 91
270 43 87
271 44 56
272 34 35
273 98 59
274 9 17
275 79 74
276 5 26
277 43 21
278 68 81
279 56 53
280 34 51
281 13 56
282 49 93
283 75 2
284 7 47
285 16 59
286 42 40
287 84 16
288 25 65
289 70 18
290 40 22
291 15 99
292 78 22
293 38 83
294 75 70
295 78 8
296 33 3
297 26 23
298 10 27
299 18 0
300 37 4
301 70 78
302 6 6
303 7 12
304 43 41
305 99 21
306 63 69
307 42 12
308 85 82
309 44 13
310 95 75
311 48 90
312 74 67
313 17 12
314 13 3
315 22 86
316 83 28
317 14 46
318 2 49
319 72 75
320 54 28
321 77 93
322 30 40
323 23 48
324 40 68
325 43 8
326 17 30
327 92 62
328 53 40
329 66 96
330 60 65
331 77 53
332 3 30
333 72 18
334 83 20
335 93 32
336 28 84
337 0 86
338 63 70
339 43 2
340 66 7
341 34 73
342 59 25
343 31 75
344 14 49
345 23 58
346 21 48
347 38 74
348 65 96
349 51 68
350 85 46
351 20 46
352 34 80
353 12 93
354 61 88
355 1 25
356 5 62
357 73 95
358 80 2
359 74 18
360 57 68
361 61 14
362 52 41
363 26 5
364 65 68
365 98 70
366 47 39
367 51 74
368 65 36
369 60 93
370 19 84
371 25 38
372 41 31
373 41 38
374 11 76
375 43 92
376 77 78
377 51 68
378 28 58
379 60 20
380 65 52
381 78 9
382 58 32
383 68 62
384 81 87
385 86 11
386 84 1
387 9 82
388 58 62
389 37 68
390 13 90
391 15 11
392 21 39
393 57 92
394 8 50
395 2 67
396 65 51
397 78 18
398 19 43
399 87 50
400 89 69
401 35 12
402 27 52
403 82 80
404 19 3
405 99 99
406 56 81
407 95 27
408 78 94
409 66 24
410 28 30
411 43 45
412 91 23
413 44 34
414 48 57
415 51 13
416 35 37
417 95 18
418 46 65
419 95 37
420 66 69
421 41 61
422 30 86
423 14 81
424 82 95
425 33 2
426 7 31
427 99 18
428 10 65
429 30 83
430 91 38
431 33 25
432 28 3
433 56 45
434 95 47
435 36 55
436 54 38
437 27 5
438 75 58
439 46 74
440 54 52
441 55 14
442 90 82
443 41 38
444 75 20
445 82 92
446 70 70
447 72 43
448 90 97
449 1 73
450 26 77
451 72 78
452 1 76
453 63 17
454 39 21
455 60 73
456 60 14
457 75 77
458 10 17
459 48 8
460 92 8
461 42 21
462 54 9
463 32 22
464 26 60
465 11 32
466 74 25
467 13 62
468 69 75
469 10 69
470 60 39
471 84 34
472 94 70
473 1 41
474 78 3
475 82 60
476 7 89
477 81 22
478 51 76
479 82 55
480 23 59
481 9 22
482 53 93
483 1 66
484 70 30
485 35 91
486 72 19
487 9 47
488 91 71
489 58 15
490 94 93
491 93 61
492 25 39
493 51 26
494 29 68
495 12 29
496 73 21
497 18 52
498 84 82
499 25 75
500 89 28
