40 200 100
27 34
67 1
86 94
39 95
97 39
4 62
14 40
44 20
40 68
23 71
34 29
29 78
85 72
71 55
99 95
25 42
32 79
46 84
73 77
46 98
75 80
21 41
34 48
31 61
57 65
25 2
81 69
84 73
81 82
50 10
46 16
39 17
44 43
57 20
18 47
94 97
72 6
20 40
40 13
13 77
68 98
19 6
39 37
65 64
99 62
73 65
93 10
62 83
93 42
84 53
46 73
18 90
13 37
16 89
21 89
31 4
32 3
42 21
14 30
64 66
29 56
33 4
36 21
83 55
76 25
63 91
55 21
69 7
84 66
66 60
63 38
16 34
38 2
62 16
48 98
86 33
30 92
31 39
64 26
69 21
66 12
17 76
17 5
93 50
26 12
89 75
18 11
55 88
74 96
75 31
73 55
93 59
72 5
61 83
99 74
94 81
38 37
20 85
97 49
30 61
