100 500 250
42 8
94 93
79 78
86 61
33 48
23 83
90 37
35 34
24 71
43 42
48 14
75 23
16 99
39 40
76 19
15 45
26 48
17 73
40 88
16 86
22 90
72 12
92 73
31 81
42 30
11 47
42 22
75 48
9 58
19 18
34 95
5 18
10 50
26 54
64 32
11 60
7 35
20 38
73 71
31 68
4 58
10 89
82 97
49 73
72 91
28 36
60 42
50 7
18 89
31 93
49 89
23 8
54 83
39 91
90 50
40 64
82 61
17 17
98 2
64 23
28 78
2 62
12 21
53 20
71 85
10 70
1 40
65 6
48 95
91 66
1 20
76 67
56 99
6 79
27 10
82 69
54 12
59 97
66 40
33 84
43 10
96 31
60 68
16 62
98 89
47 47
30 71
7 66
46 63
96 32
5 69
30 83
40 62
83 69
41 97
17 73
60 20
85 49
61 80
47 25
48 54
28 53
53 76
2 32
61 68
21 68
86 86
83 2
75 49
23 35
46 47
63 59
9 22
75 27
15 61
68 19
34 91
71 15
10 22
18 32
78 79
34 75
85 42
84 25
55 46
26 22
61 0
7 89
82 51
26 5
10 50
9 1
46 80
21 74
41 70
9 70
44 56
22 11
50 32
76 37
18 11
92 91
30 37
24 87
42 85
45 12
47 38
22 43
32 70
51 5
50 33
52 47
7 27
62 14
50 24
71 51
1 38
50 19
88 56
35 83
7 76
95 28
95 93
0 44
16 96
97 65
93 87
11 57
66 87
91 29
95 51
36 82
26 40
63 11
12 42
18 62
75 16
33 76
70 14
38 58
45 20
34 66
88 99
16 96
48 17
2 65
84 21
9 40
8 45
62 38
96 58
57 42
56 15
71 46
41 3
0 56
60 98
60 80
52 84
73 7
13 35
70 74
68 55
35 53
90 31
94 99
49 69
11 78
42 14
61 30
64 67
29 8
96 67
17 54
67 89
92 38
83 65
99 58
43 54
33 11
2 77
5 5
18 80
10 87
94 21
2 94
35 46
66 92
98 67
31 65
61 98
51 36
89 37
96 97
76 81
80 37
42 43
44 93
43 11
72 0
63 68
82 71
72 56
5 28
73 79
83 93
26 66
74 62
57 8
69 3
